[83913,
 168061,
 82510,
 14508,
 1213153,
 101742,
 39770,
 1214921,
 153336,
 90520,
 164771,
 1214891,
 30551,
 1214907,
 78692,
 1775091,
 1214881,
 1759,
 15621,
 1214880,
 1214877,
 15620,
 121759,
 1315468,
 1555684,
 135066,
 1745,
 1214885,
 15626,
 9805,
 1214884,
 1214883,
 127601,
 15628,
 8496,
 246,
 15635,
 1214878,
 1766901,
 1214888,
 1769423,
 12424,
 1214887,
 15645,
 15644,
 122004,
 1461992,
 1402879,
 9600,
 15650,
 119245,
 1212973,
 1776386,
 8490,
 8747,
 6451,
 15655,
 13869,
 1729741,
 14732,
 15659,
 161673,
 157282,
 1776894,
 1556119,
 1212769,
 15949,
 50974,
 15661,
 27126,
 1214900,
 936121,
 161340,
 161255,
 15676,
 1768121,
 129676,
 153675,
 1820,
 1213151,
 1769185,
 161663,
 1214896,
 196562,
 12295,
 1611570,
 1769186,
 1468833,
 15693,
 15692,
 1720860,
 178296,
 15746,
 1214902,
 15699,
 1768125,
 139933,
 1497387,
 153501,
 1214565,
 84325,
 15707,
 1769187,
 15714,
 88451,
 10161,
 3339,
 166047,
 15719,
 1472601,
 19107,
 4076,
 15721,
 10925,
 1214904,
 5695,
 1768201,
 1214905,
 16659,
 127646,
 1793,
 22048,
 15724,
 153458,
 15744,
 6838,
 15753,
 151491,
 41719,
 15756,
 2652,
 1090742,
 100799,
 7074,
 24826,
 15765,
 15772,
 15375,
 1214908,
 117771,
 15781,
 12431,
 1214910,
 13637,
 151482,
 15942,
 152660,
 1214911,
 1007561,
 14733,
 1214557,
 45100,
 15950,
 15954,
 15956,
 15953,
 15959,
 8499,
 1213145,
 15961,
 45252,
 1768221,
 1768220,
 1768219,
 1768217,
 15968,
 1209,
 1124088,
 15969,
 102426,
 2021,
 15972,
 1214916,
 118508,
 15975,
 15973,
 124010,
 15983,
 15978,
 1214922,
 151803,
 126903,
 15988,
 5247,
 1214912,
 15992,
 15995,
 15993,
 13786,
 1947,
 1190321,
 16000,
 1644782,
 15998,
 14256,
 15999,
 98241,
 14069,
 16006,
 16004,
 52611,
 1211920,
 100418,
 165373,
 69763,
 16014,
 1220744,
 103034,
 1637878,
 28027,
 124617,
 16019,
 16017,
 16016,
 121041,
 1183648,
 1768815,
 143188,
 12310,
 16021,
 1116836,
 1768816,
 1754177,
 12298,
 16028,
 1768817,
 2782,
 16033,
 1214919,
 16030,
 16031,
 1563106,
 16047,
 16051,
 16052,
 131285,
 16055,
 1214926,
 1214909,
 16060,
 16059,
 1436,
 16063,
 1768643,
 16066,
 161405,
 16070,
 16071,
 34014,
 1212314,
 16074,
 44687,
 16086,
 16085,
 106664,
 16090,
 16089,
 151846,
 49939,
 1244929,
 1089676,
 151529,
 161297,
 16097,
 153606,
 1214925,
 82507,
 16096,
 16101,
 16102,
 16103,
 291,
 13871,
 16106,
 131274,
 1213331,
 151511,
 16108,
 16112,
 13259,
 1214934,
 1637873,
 16120,
 1579760,
 16119,
 160816,
 179145,
 9811,
 9596,
 1016007,
 16126,
 1214938,
 16125,
 84360,
 1214937,
 151695,
 16131]
